0517 1939
0518 1939
0519 1940
0520 1940
0520 1940
0521 1940
0522 1940
0523 1940
0524 1940
0525 1940
0526 1940
0526 1940
0527 1940
0528 1939
0529 1939
0530 1939
0531 1939
0532 1938
0533 1938
0534 1938
0535 1937
0536 1937
0537 1936
0538 1936
0539 1935
0540 1935
0541 1934
0542 1934
0543 1933
0544 1932
0545 1932
0546 1931
0547 1930
0548 1930
0549 1929
0550 1928
0551 1927
0552 1926
0553 1926
0554 1925
0555 1924
0556 1923
0557 1922
0558 1921
0559 1920
0600 1919
0601 1918
0602 1917
0602 1916
0603 1915
0604 1914
0605 1912
0606 1911
0607 1910
0608 1909
0609 1908
0610 1907
0611 1905
0611 1904
0612 1903
0613 1902
0614 1900
0615 1859
0616 1858
0617 1857
0617 1855
0618 1854
0619 1853
0620 1851
0621 1850
0621 1849
0622 1848
0623 1846
0624 1845
0625 1843
0625 1842
0626 1841
0627 1839
0628 1838
0628 1837
0629 1835
0630 1834
0631 1833
0632 1831
0632 1830
0633 1829
0634 1827
0635 1826
0635 1825
0636 1823
0637 1822
0637 1821
0638 1819
0639 1818
0640 1817
0640 1815
0641 1814
0642 1813
0643 1811
0643 1810
0644 1809
0645 1807
0646 1806
0646 1805
0647 1804
0648 1802
0649 1801
0649 1800
0650 1759
0651 1758
0652 1756
0652 1755
0653 1754
0654 1753
0655 1752
0655 1751
0656 1750
0657 1749
0658 1748
0658 1747
0659 1746
0700 1745
0701 1744
0701 1743
0702 1742
0703 1741
0704 1740
0704 1739
0705 1738
0706 1737
0707 1736
0707 1736
0708 1735
0709 1734
0710 1733
0710 1733
0711 1732
0712 1731
0713 1731
0713 1730
0714 1729
0715 1729
0715 1728
0716 1728
0717 1727
0717 1727
0718 1726
0719 1726
0719 1726
0720 1725
0721 1725
0721 1725
0722 1724
0722 1724
0723 1724
0723 1724
0724 1723
0724 1723
0725 1723
0725 1723
0726 1723
0726 1723
0727 1723
0727 1723
0728 1723
0728 1723
0728 1723
0729 1723
0729 1723
0729 1723
0730 1723
0730 1724
0730 1724
0730 1724
0730 1724
0731 1725
0731 1725
0731 1725
0731 1726
0731 1726
0731 1726
0731 1727
0731 1727
0731 1728
0731 1728
0731 1728
0731 1729
0730 1729
0730 1730
0730 1730
0730 1731
0730 1731
0729 1732
0729 1733
0729 1733
0728 1734
0728 1734
0727 1735
0727 1736
0727 1736
0726 1737
0726 1737
0725 1738
0724 1739
0724 1739
0723 1740
0723 1741
0722 1741
0721 1742
0720 1743
0720 1744
0719 1744
0718 1745
0717 1746
0717 1746
0716 1747
0715 1748
0714 1748
0713 1749
0712 1750
0711 1751
0710 1751
0709 1752
0708 1753
0707 1753
0706 1754
0705 1755
0704 1755
0703 1756
0702 1757
0700 1758
0659 1758
0658 1759
0657 1800
0656 1800
0655 1801
0653 1802
0652 1802
0651 1803
0650 1804
0648 1804
0647 1805
0646 1806
0645 1806
0643 1807
0642 1808
0641 1808
0639 1809
0638 1810
0637 1810
0635 1811
0634 1812
0632 1813
0631 1813
0630 1814
0628 1815
0627 1815
0626 1816
0624 1817
0623 1817
0621 1818
0620 1819
0619 1819
0617 1820
0616 1821
0614 1821
0613 1822
0612 1823
0610 1823
0609 1824
0607 1825
0606 1826
0605 1826
0603 1827
0602 1828
0601 1828
0559 1829
0558 1830
0557 1831
0555 1831
0554 1832
0553 1833
0551 1834
0550 1834
0549 1835
0547 1836
0546 1837
0545 1838
0544 1838
0542 1839
0541 1840
0540 1841
0539 1842
0537 1843
0536 1843
0535 1844
0534 1845
0533 1846
0532 1847
0531 1848
0530 1849
0529 1849
0528 1850
0527 1851
0526 1852
0525 1853
0524 1854
0523 1855
0522 1856
0521 1857
0520 1858
0519 1859
0518 1900
0518 1900
0517 1901
0516 1902
0515 1903
0515 1904
0514 1905
0513 1906
0513 1907
0512 1908
0512 1909
0511 1910
0511 1911
0510 1912
0510 1913
0509 1914
0509 1915
0509 1916
0508 1917
0508 1918
0508 1918
0508 1919
0507 1920
0507 1921
0507 1922
0507 1923
0507 1924
0507 1925
0507 1925
0507 1926
0507 1927
0507 1928
0507 1929
0508 1929
0508 1930
0508 1931
0508 1931
0509 1932
0509 1933
0509 1933
0510 1934
0510 1934
0511 1935
0511 1935
0511 1936
0512 1936
0513 1937
0513 1937
0514 1938
0514 1938
0515 1938
0516 1939
0516 1939
0517 1939